NAVSTAR 43 (USA 132)    
1 24876U 97035A   23185.27399605  .00000031  00000+0  00000+0 0  9993
2 24876  55.5774 140.7691 0069570  51.0649 309.5113  2.00563860190116
NAVSTAR 47 (USA 150)    
1 26360U 00025A   23185.39898127 -.00000045  00000+0  00000+0 0  9998
2 26360  54.3778  63.1415 0041006 198.0931 339.6700  2.00574956169625
NAVSTAR 51 (USA 166)    
1 27663U 03005A   23188.18854622  .00000001  00000+0  00000+0 0  9999
2 27663  55.2741 257.7656 0131229  44.5918 328.3431  2.00569342149725
NAVSTAR 52 (USA 168)    
1 27704U 03010A   23187.13369991 -.00000080  00000+0  00000+0 0  9993
2 27704  55.1117   7.7982 0248168 317.3553 231.1476  2.00571973148507
NAVSTAR 54 (USA 177)    
1 28190U 04009A   23187.41675442 -.00000065  00000+0  00000+0 0  9997
2 28190  55.7388 318.8488 0093099 135.4245 196.7609  2.00568772141373
NAVSTAR 56 (USA 180)    
1 28474U 04045A   23186.16687642 -.00000076  00000+0  00000+0 0  9990
2 28474  55.4385   8.1381 0161229 281.1126 281.7100  2.00577698136801
ANIK F1R                
1 28868U 05036A   23187.69267976 -.00000079  00000+0  00000+0 0  9994
2 28868   1.5381  89.7906 0003129  13.2106 323.4496  1.00270552 65362
NAVSTAR 57 (USA 183)    
1 28874U 05038A   23187.42791927 -.00000063  00000+0  00000+0 0  9995
2 28874  55.7914 316.2986 0137407 279.3084  80.5100  2.00550023130232
INMARSAT 4-F2           
1 28899U 05044A   23187.79843002  .00000005  00000+0  00000+0 0  9996
2 28899   3.8257  40.5085 0002940  77.2725 158.0315  1.00271734 64705
NAVSTAR 58 (USA 190)    
1 29486U 06042A   23188.15397661  .00000070  00000+0  00000+0 0  9996
2 29486  54.6881 194.0013 0102113  30.3890  36.2275  2.00573339122969
NAVSTAR 59 (USA 192)    
1 29601U 06052A   23186.98517605  .00000016  00000+0  00000+0 0  9997
2 29601  55.2939 256.7694 0084767  78.9760 282.0586  2.00574386121843
NAVSTAR 60 (USA 196)    
1 32260U 07047A   23187.79209609  .00000019  00000+0  00000+0 0  9992
2 32260  53.4430 124.6104 0148747  69.1374 292.4276  2.00554480115246
COSMOS 2433             
1 32275U 07052A   23186.96734687 -.00000053  00000+0  00000+0 0  9990
2 32275  66.0374 351.9386 0001616 186.9433 173.0597  2.13104014122148
COSMOS 2432             
1 32276U 07052B   23187.23533308 -.00000053  00000+0  00000+0 0  9999
2 32276  66.0516 352.0372 0008235 338.0988 174.7454  2.13103209122148
NAVSTAR 61 (USA 199)    
1 32384U 07062A   23186.36977362 -.00000059  00000+0  00000+0 0  9991
2 32384  55.9227 317.1526 0024750 145.0283  37.8143  2.00555432113959
COSMOS 2434             
1 32393U 07065A   23187.71177304  .00000055  00000+0  00000+0 0  9997
2 32393  64.3383 228.3342 0000494 144.0741 317.9888  2.13103092120863
COSMOS 2436             
1 32395U 07065C   23185.72137271  .00000077  00000+0  00000+0 0  9991
2 32395  64.3470 228.4629 0015258 352.6763 157.9856  2.13102918120757
NAVSTAR 62 (USA 201)    
1 32711U 08012A   23185.21426312  .00000081  00000+0  00000+0 0  9992
2 32711  54.4546 192.9633 0176477 235.2515 123.1023  2.00555628112113
NAVSTAR 64 (USA 206)    
1 35752U 09043A   23187.70804656 -.00000047  00000+0  00000+0 0  9995
2 35752  55.3815  70.1019 0058251  66.5799 310.3476  2.00561212101759
COSMOS 2456             
1 36111U 09070A   23186.66497600  .00000011  00000+0  00000+0 0  9996
2 36111  64.4691 107.8910 0004498 314.7047 224.3505  2.13099151105504
COSMOS 2457             
1 36112U 09070B   23187.42732191  .00000011  00000+0  00000+0 0  9999
2 36112  64.4531 107.7315 0003759 167.8093   6.4021  2.13101304105521
COSMOS 2460             
1 36402U 10007C   23185.98801417 -.00000051  00000+0  00000+0 0  9995
2 36402  65.9015 350.6969 0002354  94.6952  43.0291  2.13106216103847
NAVSTAR 65 (USA 213)    
1 36585U 10022A   23185.63545030  .00000038  00000+0  00000+0 0  9996
2 36585  54.5909 252.0811 0108565  59.7119  16.8216  2.00558713 95950
BEIDOU-2 IGSO-1         
1 36828U 10036A   23187.87127537 -.00000095  00000+0  00000+0 0  9991
2 36828  54.2379 172.7133 0037936 192.3809 342.1374  1.00285577 47430
QZS-1 (MICHIBIKI-1)     
1 37158U 10045A   23184.16000007 -.00000136  00000+0  00000+0 0  9995
2 37158  42.7506 128.1601 0765993 270.6735  79.3961  1.00259803 46887
BEIDOU-2 G4             
1 37210U 10057A   23187.44956830 -.00000116  00000+0  00000+0 0  9993
2 37210   1.0508  57.6047 0003307 137.3386  51.0973  1.00270468 46487
BEIDOU-2 IGSO-2         
1 37256U 10068A   23187.67870315 -.00000191  00000+0  00000+0 0  9996
2 37256  49.5166 285.0321 0028639 203.4276 144.2451  1.00245411 45995
BEIDOU-2 IGSO-3         
1 37384U 11013A   23186.62399222 -.00000179  00000+0  00000+0 0  9992
2 37384  60.8481  50.4847 0026286 174.2192  28.4243  1.00296681 44860
GSAT-8                  
1 37605U 11022A   23187.77102920  .00000081  00000+0  00000+0 0  9993
2 37605   0.0326 102.5572 0002130 169.1939 345.3853  1.00270388 44446
NAVSTAR 66 (USA 232)    
1 37753U 11036A   23187.11471861 -.00000076  00000+0  00000+0 0  9998
2 37753  56.7325  13.7994 0127327  55.6103  93.8802  2.00567914 87661
BEIDOU-2 IGSO-4         
1 37763U 11038A   23187.94735380  .00000019  00000+0  00000+0 0  9997
2 37763  54.5105 175.2422 0112077 228.5237 316.1198  1.00285811 43842
GSAT0101 (GALILEO-PFM)  
1 37846U 11060A   23187.46520173 -.00000079  00000+0  00000+0 0  9990
2 37846  57.0998  10.9172 0003596  56.7994 303.2583  1.70475860 72899
GSAT0102 (GALILEO-FM2)  
1 37847U 11060B   23185.35648260 -.00000071  00000+0  00000+0 0  9997
2 37847  57.1002  10.9742 0002916  20.7003 171.5972  1.70475248 72851
COSMOS 2476             
1 37867U 11064A   23187.73601309  .00000013  00000+0  00000+0 0  9995
2 37867  64.7506 109.3587 0022313 238.3803 311.1424  2.13101666 90878
COSMOS 2477             
1 37868U 11064B   23187.49840590  .00000013  00000+0  00000+0 0  9996
2 37868  64.7579 109.4356 0019583 239.6110 305.5327  2.13101572 90824
COSMOS 2475             
1 37869U 11064C   23187.54354927  .00000013  00000+0  00000+0 0  9997
2 37869  64.7652 109.4458 0024285 255.5965 282.5749  2.13101964 90838
BEIDOU-2 IGSO-5         
1 37948U 11073A   23187.15565491 -.00000152  00000+0  00000+0 0  9997
2 37948  49.6412 284.7004 0093347 219.2708 290.8740  1.00286237 42600
LUCH-5A                 
1 37951U 11074B   23187.96208466 -.00000054  00000+0  00000+0 0  9998
2 37951   5.9944  90.7236 0005562  19.6937 327.6764  1.00268091 42398
BEIDOU-2 G5             
1 38091U 12008A   23187.77453237  .00000052  00000+0  00000+0 0  9996
2 38091   1.5737  67.2717 0001667 285.6327 269.1575  1.00275389 41688
BEIDOU-2 M3             
1 38250U 12018A   23185.98532022 -.00000078  00000+0  00000+0 0  9994
2 38250  56.5451 340.9062 0020949 256.0749 103.6861  1.86231030 76201
BEIDOU-2 M4             
1 38251U 12018B   23187.52250980 -.00000081  00000+0  00000+0 0  9991
2 38251  56.4615 340.1527 0011682 256.9164  99.3505  1.86231608 76235
SES-5                   
1 38652U 12036A   23187.64344529  .00000030  00000+0  00000+0 0  9995
2 38652   0.0464 303.0306 0002237 155.8696  62.0680  1.00270151 40271
BEIDOU-2 M6             
1 38775U 12050B   23186.70101585 -.00000012  00000+0  00000+0 0  9997
2 38775  55.6478  98.8027 0013790 333.2984  26.6489  1.86231149 73597
GSAT-10                 
1 38779U 12051B   23188.08895212 -.00000169  00000+0  00000+0 0  9995
2 38779   0.0432 107.1223 0000155 359.2239 293.4880  1.00269675 39502
NAVSTAR 67 (USA 239)    
1 38833U 12053A   23184.39771302  .00000085  00000+0  00000+0 0  9997
2 38833  53.5149 187.7641 0138309  50.9280 310.3176  2.00566161 78672
GSAT0103 (GALILEO-FM3)  
1 38857U 12055A   23187.50406762  .00000017  00000+0  00000+0 0  9991
2 38857  55.2637 131.1388 0004850 274.4099  85.4964  1.70473551 66795
GSAT0104 (GALILEO-FM4)  
1 38858U 12055B   23185.71384453  .00000016  00000+0  00000+0 0  9994
2 38858  55.2632 131.1894 0002388 279.1740  80.7514  1.70473808 66730
BEIDOU-2 G6             
1 38953U 12059A   23187.80840126 -.00000179  00000+0  00000+0 0  9991
2 38953   1.8828  82.3678 0009702 322.7113 254.4403  1.00268192 39258
LUCH-5B                 
1 38977U 12061A   23187.42409781 -.00000143  00000+0  00000+0 0  9997
2 38977   8.1255  59.6382 0005554  73.1534 287.7361  1.00271134 39388
COSMOS 2485             
1 39155U 13019A   23186.49234970  .00000013  00000+0  00000+0 0  9997
2 39155  64.9112 109.9116 0022701 234.4321 125.3654  2.13101852 79315
NAVSTAR 68 (USA 242)    
1 39166U 13023A   23186.75135874 -.00000057  00000+0  00000+0 0  9995
2 39166  55.4078 312.5455 0114112  41.7304 319.1405  2.00564336 74261
IRNSS-1A                
1 39199U 13034A   23187.77113664  .00000060  00000+0  00000+0 0  9992
2 39199  33.2893  79.5829 0019014 180.4651 357.0218  1.00275043 36851
NAVSTAR 69 (USA 248)    
1 39533U 14008A   23186.24890306  .00000071  00000+0  00000+0 0  9994
2 39533  53.6025 193.2381 0067033 214.6298 144.9535  2.00574755 68611
ASTRA 5B                
1 39617U 14011B   23186.28684906  .00000155  00000+0  00000+0 0  9995
2 39617   0.0802 300.1334 0005051 187.5995 290.0457  1.00272627 34064
COSMOS 2492             
1 39620U 14012A   23186.91713452 -.00000053  00000+0  00000+0 0  9997
2 39620  65.7854 350.2930 0011075 329.8043  30.1354  2.13103053 72285
IRNSS-1B                
1 39635U 14017A   23187.77092209  .00000111  00000+0  00000+0 0  9997
2 39635  28.8187 258.6718 0021470 190.4826 167.9408  1.00273897 33999
LUCH-5V                 
1 39727U 14023A   23187.37456922 -.00000273  00000+0  00000+0 0  9998
2 39727   2.4278  77.4851 0002403  68.0167   8.1285  1.00274628551715
NAVSTAR 70 (USA 251)    
1 39741U 14026A   23186.53109323 -.00000073  00000+0  00000+0 0  9992
2 39741  56.6863  13.3447 0028594 313.6795  46.1149  2.00561505 66915
COSMOS 2500             
1 40001U 14032A   23187.56631455 -.00000054  00000+0  00000+0 0  9999
2 40001  65.7190 350.1061 0006563 183.0450 173.7453  2.13104208 70505
NAVSTAR 71 (USA 256)    
1 40105U 14045A   23187.11900783  .00000027  00000+0  00000+0 0  9991
2 40105  54.7961 131.4791 0022484 113.1829 247.0254  2.00573514 65366
GSAT0201 (GALILEO 5)    
1 40128U 14050A   23186.43654050 -.00000080  00000+0  00000+0 0  9999
2 40128  49.9910 317.0024 1611329 138.0486 235.5158  1.85518933 60265
GSAT0202 (GALILEO 6)    
1 40129U 14050B   23187.23513246 -.00000083  00000+0  00000+0 0  9993
2 40129  50.0103 316.0408 1609000 138.8917 234.4453  1.85519613 60473
IRNSS-1C                
1 40269U 14061A   23187.76662882 -.00000166  00000+0  00000+0 0  9991
2 40269   3.8253 114.5574 0020520   9.4092 159.5005  1.00269625 32038
NAVSTAR 72 (USA 258)    
1 40294U 14068A   23186.99560981 -.00000039  00000+0  00000+0 0  9996
2 40294  56.1244  72.8284 0047971  59.2078 301.3229  2.00567677 63585
COSMOS 2501             
1 40315U 14075A   23185.94283847  .00000074  00000+0  00000+0 0  9993
2 40315  63.6423 227.8023 0020079 210.9689 148.9992  2.13101419 66877
NAVSTAR 73 (USA 260)    
1 40534U 15013A   23186.13127548  .00000035  00000+0  00000+0 0  9993
2 40534  53.4896 248.8295 0078431  25.0185 335.4498  2.00558397 60624
GSAT0203 (GALILEO 7)    
1 40544U 15017A   23185.48501085 -.00000072  00000+0  00000+0 0  9999
2 40544  56.8950  10.9523 0001049 232.1894 127.8309  1.70475840 51478
GSAT0204 (GALILEO 8)    
1 40545U 15017B   23187.49822512 -.00000080  00000+0  00000+0 0  9993
2 40545  56.9013  10.9113 0001611 188.6790 171.3413  1.70475521 51511
IRNSS-1D                
1 40547U 15018A   23187.61785543 -.00000273  00000+0  00000+0 0  9996
2 40547  28.1892 258.6537 0022534 188.8240 170.9834  1.00266131 30448
BEIDOU-3S IGSO-1S       
1 40549U 15019A   23187.81619836 -.00000194  00000+0  00000+0 0  9994
2 40549  51.2089 308.2703 0039718 193.0180 173.5809  1.00268892 30295
NAVSTAR 74 (USA 262)    
1 40730U 15033A   23187.28954699 -.00000059  00000+0  00000+0 0  9992
2 40730  54.8969 311.1673 0084231  14.1233 346.1203  2.00558328 58411
BEIDOU-3S M2S           
1 40748U 15037A   23186.86701950 -.00000081  00000+0  00000+0 0  9993
2 40748  55.6963 338.8099 0008391 237.7747 262.7440  1.86230470 54057
BEIDOU-3S M1S           
1 40749U 15037B   23187.46803789 -.00000082  00000+0  00000+0 0  9995
2 40749  55.6999 338.7748 0003557   2.9249 359.6131  1.86233158 54065
GSAT0205 (GALILEO 9)    
1 40889U 15045A   23187.26621505  .00000025  00000+0  00000+0 0  9997
2 40889  55.3921 251.3582 0003024   8.1514 351.9460  1.70473800 48651
GSAT0206 (GALILEO 10)   
1 40890U 15045B   23186.90032994  .00000028  00000+0  00000+0 0  9990
2 40890  55.3918 251.3640 0001651 333.7812  26.3049  1.70473608 48670
BEIDOU-3S IGSO-2S       
1 40938U 15053A   23187.69910689 -.00000116  00000+0  00000+0 0  9994
2 40938  50.8993 271.4394 0047290 192.3838 164.9767  1.00295876 28554
NAVSTAR 75 (USA 265)    
1 41019U 15062A   23185.34937224 -.00000035  00000+0  00000+0 0  9999
2 41019  56.1073  72.7422 0087088 221.4946 137.8968  2.00562186 56195
GSAT-15                 
1 41028U 15065A   23187.10188284 -.00000260  00000+0  00000+0 0  9992
2 41028   0.0534 265.4525 0004202 180.0071 328.5311  1.00270774 28060
GSAT0209 (GALILEO 12)   
1 41174U 15079A   23186.48524585  .00000016  00000+0  00000+0 0  9995
2 41174  55.2811 130.8732 0004834 312.6174  47.2983  1.70473902 46981
GSAT0208 (GALILEO 11)   
1 41175U 15079B   23186.70483005  .00000016  00000+0  00000+0 0  9992
2 41175  55.2794 130.8652 0004168 310.9635  48.9580  1.70473905 46980
IRNSS-1E                
1 41241U 16003A   23187.75577874 -.00000315  00000+0  00000+0 0  9991
2 41241  30.8423  78.7057 0018939 178.1472  51.4579  1.00277106 27406
NAVSTAR 76 (USA 266)    
1 41328U 16007A   23186.93544238  .00000027  00000+0  00000+0 0  9997
2 41328  55.0024 132.2502 0071455 235.0052 124.2935  2.00552816 54273
COSMOS 2514             
1 41330U 16008A   23186.86229794 -.00000054  00000+0  00000+0 0  9991
2 41330  65.5214 349.7234 0009648 199.1031 160.8642  2.13102522 57668
IRNSS-1F                
1 41384U 16015A   23188.07892816  .00000155  00000+0  00000+0 0  9995
2 41384   2.8168 132.7169 0018327 185.0621  27.8920  1.00275769 26878
BEIDOU-2 IGSO-6         
1 41434U 16021A   23187.58922875 -.00000156  00000+0  00000+0 0  9994
2 41434  58.6618  48.8739 0045720 218.7889 322.4665  1.00293871 26683
IRNSS-1G                
1 41469U 16027A   23187.95484998 -.00000339  00000+0  00000+0 0  9991
2 41469   2.7126 134.5263 0005358 334.4649 288.8363  1.00278259 26383
GSAT0211 (GALILEO 14)   
1 41549U 16030A   23185.65284617  .00000038  00000+0  00000+0 0  9990
2 41549  55.5393 251.3721 0003044 309.6835  50.3891  1.70473908 44262
GSAT0210 (GALILEO 13)   
1 41550U 16030B   23185.94439589  .00000036  00000+0  00000+0 0  9992
2 41550  55.5386 251.3654 0004542 268.3806  91.6661  1.70473922 44263
COSMOS 2516             
1 41554U 16032A   23182.28630554  .00000101  00000+0  00000+0 0  9990
2 41554  63.8686 228.3124 0015413 214.4532 145.5410  2.13106489 55177
BEIDOU-2 G7             
1 41586U 16037A   23187.03174265 -.00000357  00000+0  00000+0 0  9994
2 41586   1.7327  67.4746 0008385 351.1128 347.0733  1.00275821 25982
EUTELSAT 117 WEST B     
1 41589U 16038B   23187.97751284 -.00000016  00000+0  00000+0 0  9995
2 41589   0.0097 163.5793 0000311 122.3369 233.6769  1.00272959 25918
GSAT0207 (GALILEO 15)   
1 41859U 16069A   23186.19254906  .00000015  00000+0  00000+0 0  9999
2 41859  54.9434 130.9681 0005072 299.6873  60.2169  1.70473811 41241
GSAT0212 (GALILEO 16)   
1 41860U 16069B   23186.04727501  .00000015  00000+0  00000+0 0  9991
2 41860  54.9413 130.9691 0003848 320.3391  39.5867  1.70474135 41274
GSAT0213 (GALILEO 17)   
1 41861U 16069C   23185.23969700  .00000016  00000+0  00000+0 0  9992
2 41861  54.9430 130.9973 0004946 280.9924  78.9027  1.70472774 41250
GSAT0214 (GALILEO 18)   
1 41862U 16069D   23185.97347266  .00000015  00000+0  00000+0 0  9990
2 41862  54.9415 130.9710 0003977 286.2127  73.6972  1.70472614 41265
SES-15                  
1 42709U 17026A   23188.12684187  .00000055  00000+0  00000+0 0  9995
2 42709   0.0175  28.4479 0000947 128.0494  44.8231  1.00272687 23391
QZS-2 (MICHIBIKI-2)     
1 42738U 17028A   23186.54654310 -.00000140  00000+0  00000+0 0  9994
2 42738  41.1387 258.7366 0758045 269.3350  93.2656  1.00280802 22336
QZS-3 (MICHIBIKI-3)     
1 42917U 17048A   23187.38101942 -.00000351  00000+0  00000+0 0  9990
2 42917   0.0800 141.5035 0002406 337.2624  69.5388  1.00269906 21578
COSMOS 2522             
1 42939U 17055A   23188.11228733  .00000051  00000+0  00000+0 0  9998
2 42939  64.1025 228.6187 0009926 241.5688 118.4060  2.13101915 45047
QZS-4 (MICHIBIKI-4)     
1 42965U 17062A   23181.47778230 -.00000321  00000+0  00000+0 0  9990
2 42965  40.6591 357.2773 0744873 271.7001 316.8674  1.00249095 20959
BEIDOU-3 M1             
1 43001U 17069A   23188.07829913 -.00000015  00000+0  00000+0 0  9997
2 43001  55.8003  98.8074 0010331 302.0327  57.8893  1.86231380 38566
BEIDOU-3 M2             
1 43002U 17069B   23187.47793207 -.00000013  00000+0  00000+0 0  9995
2 43002  55.7993  98.8636 0008645 325.4842  34.4807  1.86231041 38542
GSAT0215 (GALILEO 19)   
1 43055U 17079A   23186.46304799  .00000032  00000+0  00000+0 0  9996
2 43055  55.5151 251.1766 0003010 260.2307  99.8321  1.70474519 34617
GSAT0216 (GALILEO 20)   
1 43056U 17079B   23187.92815891  .00000021  00000+0  00000+0 0  9997
2 43056  55.5152 251.1361 0004648 269.0185  91.0169  1.70474630 34639
GSAT0217 (GALILEO 21)   
1 43057U 17079C   23185.80218597  .00000037  00000+0  00000+0 0  9990
2 43057  55.5139 251.1939 0003663 282.3311  77.7271  1.70474669 34605
GSAT0218 (GALILEO 22)   
1 43058U 17079D   23184.84907281  .00000042  00000+0  00000+0 0  9995
2 43058  55.5144 251.2177 0004956 266.6764  93.3674  1.70474566 34584
BEIDOU-3 M7             
1 43107U 18003A   23187.22910689 -.00000083  00000+0  00000+0 0  9995
2 43107  55.1536 339.5423 0004966  73.1926 286.8571  1.86232351 37305
BEIDOU-3 M8             
1 43108U 18003B   23187.16671198 -.00000083  00000+0  00000+0 0  9998
2 43108  55.1469 339.5317 0002503 240.9325 119.0376  1.86230799 37309
BEIDOU-3 M4             
1 43207U 18018A   23187.60934179 -.00000013  00000+0  00000+0 0  9997
2 43207  55.7589  98.9243 0006320 350.1747   9.8341  1.86231305 36698
BEIDOU-3 M3             
1 43208U 18018B   23187.13899879 -.00000012  00000+0  00000+0 0  9992
2 43208  55.7581  98.9445 0008347 314.1738  45.7775  1.86231155 36688
BEIDOU-3 M9             
1 43245U 18029A   23187.89912544 -.00000085  00000+0  00000+0 0  9993
2 43245  55.0503 337.2582 0000794 130.4169 229.5856  1.86232290 35853
BEIDOU-3 M10            
1 43246U 18029B   23187.82925746 -.00000084  00000+0  00000+0 0  9994
2 43246  55.0473 337.2896 0003510  18.5263 341.4818  1.86232785 35848
IRNSS-1I                
1 43286U 18035A   23187.81993785  .00000072  00000+0  00000+0 0  9998
2 43286  29.1170  91.1486 0018072 182.2990   1.2069  1.00273950 19277
COSMOS 2527             
1 43508U 18053A   23188.07070265  .00000013  00000+0  00000+0 0  9998
2 43508  65.0732 109.9385 0008220 236.2715 123.6649  2.13102340 39344
BEIDOU-2 IGSO-7         
1 43539U 18057A   23186.86672528 -.00000090  00000+0  00000+0 0  9997
2 43539  55.1100 172.3613 0061777 231.5188 300.8181  1.00249035 18359
GSAT0221 (GALILEO 25)   
1 43564U 18060A   23187.09484357 -.00000078  00000+0  00000+0 0  9992
2 43564  57.2761  10.8212 0001448 295.3448  64.6642  1.70475672 30817
GSAT0222 (GALILEO 26)   
1 43565U 18060B   23184.96843627 -.00000069  00000+0  00000+0 0  9995
2 43565  57.2775  10.8796 0001303 324.7598  35.2634  1.70475606 30815
GSAT0219 (GALILEO 23)   
1 43566U 18060C   23186.36209445 -.00000075  00000+0  00000+0 0  9993
2 43566  57.2785  10.8441 0001025 336.6764  23.3453  1.70475666 30815
GSAT0220 (GALILEO 24)   
1 43567U 18060D   23187.75563962 -.00000080  00000+0  00000+0 0  9991
2 43567  57.2785  10.8066 0000863 313.2023  46.8128  1.70475316 30818
BEIDOU-3 M5             
1 43581U 18062A   23188.04988587  .00000056  00000+0  00000+0 0  9998
2 43581  54.1861 218.9357 0005582 270.2583  89.7379  1.86231743 33598
BEIDOU-3 M6             
1 43582U 18062B   23186.84119542  .00000064  00000+0  00000+0 0  9991
2 43582  54.1859 218.9666 0004233 347.6100  12.4479  1.86229418 33573
BEIDOU-3 M12            
1 43602U 18067A   23187.31504261  .00000061  00000+0  00000+0 0  9995
2 43602  54.2728 217.6002 0006517   9.4275 350.6475  1.86231618 33078
BEIDOU-3 M11            
1 43603U 18067B   23187.44884646  .00000061  00000+0  00000+0 0  9998
2 43603  54.2699 217.5615 0003734 350.7718   9.2831  1.86231520 33094
BEIDOU-3 M13            
1 43622U 18072A   23187.40713710 -.00000013  00000+0  00000+0 0  9992
2 43622  55.7277  98.4731 0006917 301.1291  58.8246  1.86231609 32604
BEIDOU-3 M14            
1 43623U 18072B   23187.27259591 -.00000013  00000+0  00000+0 0  9990
2 43623  55.7295  98.4701 0005190 328.8787  31.1117  1.86231589 32608
BEIDOU-3 M16            
1 43647U 18078A   23187.43353979 -.00000083  00000+0  00000+0 0  9992
2 43647  54.9463 337.4017 0006908  19.0029 341.0177  1.86227168 32117
BEIDOU-3 M15            
1 43648U 18078B   23187.56576281 -.00000084  00000+0  00000+0 0  9991
2 43648  54.9420 337.4014 0004120  36.7218 323.3015  1.86232155 32136
BEIDOU-3 G1             
1 43683U 18085A   23187.84276870 -.00000284  00000+0  00000+0 0  9992
2 43683   1.3904 128.6643 0004460 330.1305 269.1043  1.00266178 17264
COSMOS 2529             
1 43687U 18086A   23188.17026299  .00000051  00000+0  00000+0 0  9993
2 43687  64.3177 229.0363 0011473 260.7851  99.1603  2.13102087 36357
BEIDOU-3 M17            
1 43706U 18093A   23187.17741946  .00000061  00000+0  00000+0 0  9996
2 43706  54.2686 218.8785 0010636 275.0410  84.9033  1.86231852 31464
BEIDOU-3 M18            
1 43707U 18093B   23187.57961672  .00000059  00000+0  00000+0 0  9998
2 43707  54.2693 218.8562 0008507 298.1667  61.8104  1.86229626 31481
NAVSTAR 77 (USA 289)    
1 43873U 18109A   23188.18117469  .00000036  00000+0  00000+0 0  9990
2 43873  55.1793 134.7030 0024786 193.9062 238.3595  2.00565954 33447
BEIDOU-3 IGSO-1         
1 44204U 19023A   23187.02618847 -.00000219  00000+0  00000+0 0  9997
2 44204  57.1260  48.8785 0022220 194.8216 165.8378  1.00300237 15567
BEIDOU-2 G8             
1 44231U 19027A   23187.70466016 -.00000253  00000+0  00000+0 0  9993
2 44231   1.8090  81.2837 0005271 119.9708 121.3367  1.00268399 15279
COSMOS 2534             
1 44299U 19030A   23187.99120569  .00000052  00000+0  00000+0 0  9998
2 44299  64.3901 228.9633 0013498 280.0253  76.8641  2.13101999 31990
BEIDOU-3 IGSO-2         
1 44337U 19035A   23187.58445951 -.00000105  00000+0  00000+0 0  9996
2 44337  55.1530 168.3172 0033555 198.7614 245.1903  1.00292974 14909
NAVSTAR 78 (USA 293)    
1 44506U 19056A   23186.47609184 -.00000075  00000+0  00000+0 0  9990
2 44506  55.8093  13.8484 0034169 182.7407 358.8614  2.00564407 28453
BEIDOU-3 M24            
1 44542U 19061A   23187.65179634  .00000058  00000+0  00000+0 0  9999
2 44542  54.4957 219.0803 0007857 332.9978  27.0245  1.86231246 25747
BEIDOU-3 M23            
1 44543U 19061B   23187.42984031  .00000060  00000+0  00000+0 0  9993
2 44543  54.4940 219.0571 0005594 313.3398 169.6847  1.86231509 25739
BEIDOU-3 IGSO-3         
1 44709U 19073A   23187.69874074 -.00000197  00000+0  00000+0 0  9996
2 44709  56.6336 292.3793 0034378 186.4208 173.5735  1.00300337 13646
BEIDOU-3 M22            
1 44793U 19078A   23187.49684711 -.00000084  00000+0  00000+0 0  9994
2 44793  54.7949 337.3741 0005948  28.2924 331.7349  1.86232105 24608
BEIDOU-3 M21            
1 44794U 19078B   23186.55366071 -.00000081  00000+0  00000+0 0  9994
2 44794  54.7691 337.3900 0003853  28.1949 331.8201  1.86232542 24589
COSMOS 2544             
1 44850U 19088A   23188.01437024  .00000013  00000+0  00000+0 0  9992
2 44850  65.0591 109.7845 0013183 260.1925  99.6735  2.13102115 27761
BEIDOU-3 M19            
1 44864U 19090A   23187.61653125 -.00000014  00000+0  00000+0 0  9999
2 44864  55.6625  98.6561 0017427 278.6132 267.9349  1.86231606 24179
BEIDOU-3 M20            
1 44865U 19090B   23187.46413877 -.00000013  00000+0  00000+0 0  9990
2 44865  55.6642  98.6940 0015594 292.3409 241.8322  1.86231537 24156
BEIDOU-3 G2             
1 45344U 20017A   23187.08491385 -.00000144  00000+0  00000+0 0  9997
2 45344   2.0184  13.0547 0003319 112.8907 268.4434  1.00272398 12478
COSMOS 2545             
1 45358U 20018A   23187.74193465 -.00000057  00000+0  00000+0 0  9997
2 45358  64.8612 349.9874 0007386 236.5304 123.4028  2.13102516 25722
BEIDOU-3 G3             
1 45807U 20040A   23188.09449772 -.00000357  00000+0  00000+0 0  9998
2 45807   0.6795 332.9166 0006528 309.2299 147.1683  1.00266279 11294
NAVSTAR 79 (USA 304)    
1 45854U 20041A   23186.03904404 -.00000037  00000+0  00000+0 0  9996
2 45854  55.8291  71.1456 0033427 186.0638 343.4083  2.00564773 22411
GALAXY 30 (G-30)        
1 46114U 20056C   23186.61406795  .00000036  00000+0  00000+0 0  9994
2 46114   0.0121  59.4911 0002185  42.8951 277.0083  1.00271962 10596
COSMOS 2547             
1 46805U 20075A   23186.52366867  .00000067  00000+0  00000+0 0  9991
2 46805  64.6173 228.5511 0008601 242.8622 117.1346  2.13103059 20949
NAVSTAR 80 (USA 309)    
1 46826U 20078A   23187.35271256  .00000014  00000+0  00000+0 0  9998
2 46826  54.3393 254.5035 0033928 192.9931 180.4743  2.00562510 19905
NAVSTAR 81 (USA 319)    
1 48859U 21054A   23187.08221174 -.00000078  00000+0  00000+0 0  9996
2 48859  55.3250  15.6389 0009822 208.3108 149.8086  2.00576882 15146
QZS-1R                  
1 49336U 21096A   23187.68992183 -.00000275  00000+0  00000+0 0  9993
2 49336  35.2327  95.8366 0757817 271.7140 298.8349  1.00250398  6213
GSAT0223 (GALILEO 27)   
1 49809U 21116A   23187.31521728 -.00000078  00000+0  00000+0 0  9995
2 49809  57.2697  10.7148 0002422 137.4557  42.5048  1.70475445  9819
GSAT0224 (GALILEO 28)   
1 49810U 21116B   23187.71638858 -.00000080  00000+0  00000+0 0  9997
2 49810  57.2713  10.7022 0002532 125.0577  53.5891  1.70475461  9847
COSMOS 2557             
1 52984U 22075A   23187.62412735 -.00000057  00000+0  00000+0 0  9996
2 52984  64.7756 352.1570 0010455 281.8319  78.0563  2.13102048  7754
COSMOS 2559             
1 54031U 22130A   23187.56588841 -.00000057  00000+0  00000+0 0  9998
2 54031  64.7467 352.2888 0005497 210.1084 149.8659  2.13101259  5748
COSMOS 2564             
1 54377U 22161A   23187.29032105  .00000059  00000+0  00000+0 0  9993
2 54377  64.7579 228.5676 0011054 225.2199 134.7700  2.13102135  4681
NAVSTAR 82 (USA 343)    
1 55268U 23009A   23188.17262837  .00000072  00000+0  00000+0 0  9995
2 55268  55.0936 190.7333 0004116  98.4286  11.9665  2.00559308  3655
BEIDOU-3 G4             
1 56564U 23066A   23187.96095153 -.00000114  00000+0  00000+0 0  9997
2 56564   2.9892 289.1240 0007356 193.6184 307.8862  1.00270590   612
IRNSS-1J (NVS-01)       
1 56759U 23076A   23187.23797983 -.00000335  00000+0  00000+0 0  9999
2 56759   4.8905 273.2099 0003572 336.6542 249.3623  1.00275212   401
